0.419516683804941
0.406517529853581
0.0260986634775688
0.1175308622431
0.536873984760063
0.13086023412993
0.391446130471661
0.431221258437783
1.02294088221649
0.45288371627535
0.436078008048773
0.836405166672642
1.01931293956164
0.962521340494617
0.0549636822797615
0.557843033583543
0.974522911035384
0.475155929663643
0.79065903729424
0.82744760760406
1.01426245333284
0.687562242346278
0.879837051938694
0.95572172980319
1.00109530816686
0.955012971499972
0.514511912084521
0.991732224351311
0.952448308699711
0.0166070983475313
-1.50492458530679
